Webots Project File version R2020a
perspectives: 000000ff00000000fd0000000300000000000002bf000003d0fc0100000002fb0000001e00480074006d006c0052006f0062006f007400570069006e0064006f00770000000000000002bf0000000000000000fb0000001a0044006f00630075006d0065006e0074006100740069006f006e0000000000ffffffff0000006900ffffff000000010000013800000344fc0200000001fb0000001400540065007800740045006400690074006f00720100000015000003440000008700ffffff00000003000007800000008afc0100000001fb0000000e0043006f006e0073006f006c00650100000000000007800000006900ffffff000006460000034400000001000000020000000100000008fc00000000
simulationViewPerspectives: 000000ff000000010000000200000144000003770100000002010000000100
sceneTreePerspectives: 000000ff0000000100000002000000c0000000fa0100000002010000000200
maximizedDockId: -1
centralWidgetVisible: 1
selectionDisabled: 0
viewpointLocked: 0
orthographicViewHeight: 1
textFiles: 0 "controllers/ControladorDifuso/ControladorDifuso.java"
globalOptionalRendering: DistanceSensorRays
renderingDevicePerspectives: eddzbot:camera;1;1;0.63587;0
renderingDevicePerspectives: eddzbot(1):camera;1;0.4825;0.789417;0.87323
